$3$28$28$
################################################################################################################################################################################################################################################################################################################################################################################################################################################################################################################################################################################
-69.29418473315411000000	-4.50562698023039850000	-1.75297614178250070000	-4.50562698023039850000	-5.24302264075699800000	-5.10278138732370700000	-5.10278138732370700000	-4.53843332173639500000	-3.69491480748226900000	-3.14639836458060930000	-5.08395737594714800000	-4.71013860694079400000	-3.50204942265675930000	0.48131176721190900000	-3.92451573124060050000	-2.33636359832101050000	-3.99368870258200300000	-3.99368870258200300000	-3.68748188168911860000	-3.59268682053484300000	-3.59268682053484300000	-0.74484906637607160000	-5.24047928850464800000	-1.75341015754449820000	-13.10498184127986600000	-4.37235781641291600000	-4.63375170994876000000	-4.63375170994876000000;
-76.59547063034074000000	4.29476352870350700000	7.04741436715126200000	4.29476352870350700000	4.21337397752156300000	4.22885301175690800000	4.22885301175690800000	4.33622966479260400000	4.20675892419959750000	5.17458477209380250000	3.23702576072775150000	3.32793232471113600000	3.23386589864772930000	7.21722708851745850000	2.49323435853210240000	2.85131806770216430000	1.52771993722546440000	1.52771993722546440000	2.36671895813604350000	2.48879886611380000000	2.48879886611380000000	-23.30174254575116400000	2.68434853306751940000	4.03302220431012400000	-7.31854947942515400000	3.94278101757229570000	4.20097077557692400000	4.20097077557692400000;
-76.59547063034074000000	4.29476352870350700000	7.04741436715126200000	4.29476352870350700000	4.21337397752156300000	4.22885301175690800000	4.22885301175690800000	4.33622966479260400000	4.20675892419959750000	5.17458477209380250000	3.23702576072775150000	3.32793232471113600000	3.23386589864772930000	7.21722708851745850000	2.49323435853210240000	2.85131806770216430000	1.52771993722546440000	1.52771993722546440000	2.36671895813604350000	2.48879886611380000000	2.48879886611380000000	-23.30174254575116400000	2.68434853306751940000	4.03302220431012400000	-7.31854947942515400000	3.94278101757229570000	4.20097077557692400000	4.20097077557692400000;
-49.86948502663706000000	2.23152813479086150000	4.98417897323752350000	2.23152813479086150000	2.26654642968423700000	0.76438833726676860000	2.31194414474396000000	2.27687973560716330000	2.08141132007947370000	3.72596888537934700000	1.78840987401351000000	6.19603680366713700000	1.45154671869268960000	4.04096434836769900000	1.16974063610080510000	1.21479631962963400000	0.85331445585602380000	0.85331445585602380000	0.62134901343516820000	0.67493361177636790000	0.67493361177636790000	4.88741974789747150000	0.89187809276881210000	1.95981875513905560000	-9.39175292859552800000	2.16203920162222160000	2.44394995339870500000	2.44394995339870500000;
-49.86948502663706000000	2.23152813479086150000	4.98417897323752350000	2.23152813479086150000	2.26654642968423700000	0.76438833726676860000	2.31194414474396000000	2.27687973560716330000	2.08141132007947370000	3.72596888537934700000	1.78840987401351000000	6.19603680366713700000	1.45154671869268960000	4.04096434836769900000	1.16974063610080510000	1.21479631962963400000	0.85331445585602380000	0.85331445585602380000	0.62134901343516820000	0.67493361177636790000	0.67493361177636790000	4.88741974789747150000	0.89187809276881210000	1.95981875513905560000	-9.39175292859552800000	2.16203920162222160000	2.44394995339870500000	2.44394995339870500000;
-49.86948502663706000000	2.23152813479086150000	4.98417897323752350000	2.23152813479086150000	2.26654642968423700000	0.76438833726676860000	2.31194414474396000000	2.27687973560716330000	2.08141132007947370000	3.72596888537934700000	1.78840987401351000000	6.19603680366713700000	1.45154671869268960000	4.04096434836769900000	1.16974063610080510000	1.21479631962963400000	0.85331445585602380000	0.85331445585602380000	0.62134901343516820000	0.67493361177636790000	0.67493361177636790000	4.88741974789747150000	0.89187809276881210000	1.95981875513905560000	-9.39175292859552800000	2.16203920162222160000	2.44394995339870500000	2.44394995339870500000;
-49.86948502663706000000	2.23152813479086150000	4.98417897323752350000	2.23152813479086150000	2.26654642968423700000	0.76438833726676860000	2.31194414474396000000	2.27687973560716330000	2.08141132007947370000	3.72596888537934700000	1.78840987401351000000	6.19603680366713700000	1.45154671869268960000	4.04096434836769900000	1.16974063610080510000	1.21479631962963400000	0.85331445585602380000	0.85331445585602380000	0.62134901343516820000	0.67493361177636790000	0.67493361177636790000	4.88741974789747150000	0.89187809276881210000	1.95981875513905560000	-9.39175292859552800000	2.16203920162222160000	2.44394995339870500000	2.44394995339870500000;
-49.86948502663706000000	2.23152813479086150000	4.98417897323752350000	2.23152813479086150000	2.26654642968423700000	0.76438833726676860000	2.31194414474396000000	2.27687973560716330000	2.08141132007947370000	3.72596888537934700000	1.78840987401351000000	6.19603680366713700000	1.45154671869268960000	4.04096434836769900000	1.16974063610080510000	1.21479631962963400000	0.85331445585602380000	0.85331445585602380000	0.62134901343516820000	0.67493361177636790000	0.67493361177636790000	4.88741974789747150000	0.89187809276881210000	1.95981875513905560000	-9.39175292859552800000	2.16203920162222160000	2.44394995339870500000	2.44394995339870500000;
-56.83640348247872000000	-4.73539032105833400000	-1.98273948261077850000	-4.73539032105833400000	-5.23247411467726000000	-5.13793646276206100000	-5.13793646276206100000	-4.70034646215356500000	-3.48995691148781700000	-3.57748821311266550000	-5.51504722447972300000	-5.00929698148138500000	-3.32807503389086930000	0.65528615597856550000	-4.31440980552263700000	-2.26204462487058100000	-3.94939617239534350000	-3.94939617239534350000	-3.58008502978180500000	-3.41987230557106340000	-3.41987230557106340000	-0.58218976230501400000	-5.33158872656482600000	-1.24176316705778300000	-12.59333485079662500000	-4.48944251615790300000	-16.34731705248373500000	-4.89526197377077600000;
-49.86948502663706000000	2.23152813479086150000	4.98417897323752350000	2.23152813479086150000	2.26654642968423700000	0.76438833726676860000	2.31194414474396000000	2.27687973560716330000	2.08141132007947370000	3.72596888537934700000	1.78840987401351000000	6.19603680366713700000	1.45154671869268960000	4.04096434836769900000	1.16974063610080510000	1.21479631962963400000	0.85331445585602380000	0.85331445585602380000	0.62134901343516820000	0.67493361177636790000	0.67493361177636790000	4.88741974789747150000	0.89187809276881210000	1.95981875513905560000	-9.39175292859552800000	2.16203920162222160000	2.44394995339870500000	2.44394995339870500000;
-49.86948502663706000000	2.23152813479086150000	4.98417897323752350000	2.23152813479086150000	2.26654642968423700000	0.76438833726676860000	2.31194414474396000000	2.27687973560716330000	2.08141132007947370000	3.72596888537934700000	1.78840987401351000000	6.19603680366713700000	1.45154671869268960000	4.04096434836769900000	1.16974063610080510000	1.21479631962963400000	0.85331445585602380000	0.85331445585602380000	0.62134901343516820000	0.67493361177636790000	0.67493361177636790000	4.88741974789747150000	0.89187809276881210000	1.95981875513905560000	-9.39175292859552800000	2.16203920162222160000	2.44394995339870500000	2.44394995339870500000;
-49.86948502663706000000	2.23152813479086150000	4.98417897323752350000	2.23152813479086150000	2.26654642968423700000	0.76438833726676860000	2.31194414474396000000	2.27687973560716330000	2.08141132007947370000	3.72596888537934700000	1.78840987401351000000	6.19603680366713700000	1.45154671869268960000	4.04096434836769900000	1.16974063610080510000	1.21479631962963400000	0.85331445585602380000	0.85331445585602380000	0.62134901343516820000	0.67493361177636790000	0.67493361177636790000	4.88741974789747150000	0.89187809276881210000	1.95981875513905560000	-9.39175292859552800000	2.16203920162222160000	2.44394995339870500000	2.44394995339870500000;
-49.86948502663706000000	2.23152813479086150000	4.98417897323752350000	2.23152813479086150000	2.26654642968423700000	0.76438833726676860000	2.31194414474396000000	2.27687973560716330000	2.08141132007947370000	3.72596888537934700000	1.78840987401351000000	6.19603680366713700000	1.45154671869268960000	4.04096434836769900000	1.16974063610080510000	1.21479631962963400000	0.85331445585602380000	0.85331445585602380000	0.62134901343516820000	0.67493361177636790000	0.67493361177636790000	4.88741974789747150000	0.89187809276881210000	1.95981875513905560000	-9.39175292859552800000	2.16203920162222160000	2.44394995339870500000	2.44394995339870500000;
-49.86948502663706000000	2.23152813479086150000	4.98417897323752350000	2.23152813479086150000	2.26654642968423700000	0.76438833726676860000	2.31194414474396000000	2.27687973560716330000	2.08141132007947370000	3.72596888537934700000	1.78840987401351000000	6.19603680366713700000	1.45154671869268960000	4.04096434836769900000	1.16974063610080510000	1.21479631962963400000	0.85331445585602380000	0.85331445585602380000	0.62134901343516820000	0.67493361177636790000	0.67493361177636790000	4.88741974789747150000	0.89187809276881210000	1.95981875513905560000	-9.39175292859552800000	2.16203920162222160000	2.44394995339870500000	2.44394995339870500000;
-49.86948502663706000000	2.23152813479086150000	4.98417897323752350000	2.23152813479086150000	2.26654642968423700000	0.76438833726676860000	2.31194414474396000000	2.27687973560716330000	2.08141132007947370000	3.72596888537934700000	1.78840987401351000000	6.19603680366713700000	1.45154671869268960000	4.04096434836769900000	1.16974063610080510000	1.21479631962963400000	0.85331445585602380000	0.85331445585602380000	0.62134901343516820000	0.67493361177636790000	0.67493361177636790000	4.88741974789747150000	0.89187809276881210000	1.95981875513905560000	-9.39175292859552800000	2.16203920162222160000	2.44394995339870500000	2.44394995339870500000;
-49.86948502663706000000	2.23152813479086150000	4.98417897323752350000	2.23152813479086150000	2.26654642968423700000	0.76438833726676860000	2.31194414474396000000	2.27687973560716330000	2.08141132007947370000	3.72596888537934700000	1.78840987401351000000	6.19603680366713700000	1.45154671869268960000	4.04096434836769900000	1.16974063610080510000	1.21479631962963400000	0.85331445585602380000	0.85331445585602380000	0.62134901343516820000	0.67493361177636790000	0.67493361177636790000	4.88741974789747150000	0.89187809276881210000	1.95981875513905560000	-9.39175292859552800000	2.16203920162222160000	2.44394995339870500000	2.44394995339870500000;
-49.86948502663706000000	2.23152813479086150000	4.98417897323752350000	2.23152813479086150000	2.26654642968423700000	0.76438833726676860000	2.31194414474396000000	2.27687973560716330000	2.08141132007947370000	3.72596888537934700000	1.78840987401351000000	6.19603680366713700000	1.45154671869268960000	4.04096434836769900000	1.16974063610080510000	1.21479631962963400000	0.85331445585602380000	0.85331445585602380000	0.62134901343516820000	0.67493361177636790000	0.67493361177636790000	4.88741974789747150000	0.89187809276881210000	1.95981875513905560000	-9.39175292859552800000	2.16203920162222160000	2.44394995339870500000	2.44394995339870500000;
-49.86948502663706000000	2.23152813479086150000	4.98417897323752350000	2.23152813479086150000	2.26654642968423700000	0.76438833726676860000	2.31194414474396000000	2.27687973560716330000	2.08141132007947370000	3.72596888537934700000	1.78840987401351000000	6.19603680366713700000	1.45154671869268960000	4.04096434836769900000	1.16974063610080510000	1.21479631962963400000	0.85331445585602380000	0.85331445585602380000	0.62134901343516820000	0.67493361177636790000	0.67493361177636790000	4.88741974789747150000	0.89187809276881210000	1.95981875513905560000	-9.39175292859552800000	2.16203920162222160000	2.44394995339870500000	2.44394995339870500000;
-49.86948502663706000000	2.23152813479086150000	4.98417897323752350000	2.23152813479086150000	2.26654642968423700000	0.76438833726676860000	2.31194414474396000000	2.27687973560716330000	2.08141132007947370000	3.72596888537934700000	1.78840987401351000000	6.19603680366713700000	1.45154671869268960000	4.04096434836769900000	1.16974063610080510000	1.21479631962963400000	0.85331445585602380000	0.85331445585602380000	0.62134901343516820000	0.67493361177636790000	0.67493361177636790000	4.88741974789747150000	0.89187809276881210000	1.95981875513905560000	-9.39175292859552800000	2.16203920162222160000	2.44394995339870500000	2.44394995339870500000;
-54.86499211850810000000	3.12004956155249900000	5.87270040000205300000	3.12004956155249900000	2.78272326530172930000	2.84687751129829850000	2.84687751129829850000	8.64341556584321300000	-31.85046873115796700000	3.12444198690699500000	1.18688297554023200000	2.00477565411293760000	4.38154973762350800000	8.36491092749031600000	2.02221513099860940000	5.19964008335037500000	1.71848999454242810000	1.71848999454242810000	3.51556964854689370000	3.85626635049543950000	3.85626635049543950000	7.17783243398420700000	1.64918981740089400000	7.47154070272857300000	-3.88003098100727770000	3.16455435140267900000	2.80248613258006800000	-8.60780347201759000000;
-55.59160142770310400000	3.95875360918415500000	6.71140444763119800000	3.95875360918415500000	2.60250085889667830000	2.86043916238060620000	2.86043916238060620000	9.20242728953175500000	-32.95000710717898000000	4.95959884663548300000	3.02203983527106070000	3.23424764905463170000	3.50312365449266630000	7.48648484436083200000	3.71088134908084170000	4.74122266219746100000	1.62745404749612850000	1.62745404749612850000	3.15028717853940070000	3.18882689278438920000	3.18882689278438920000	6.50243763913832850000	-7.89274230060187400000	4.95048692021284800000	-6.40108476352227400000	3.55384302912147400000	3.79941257251114300000	3.79941257251114300000;
-49.87323024588547000000	2.22778291553238670000	4.98043375398085900000	2.22778291553238670000	2.26869523387207700000	0.76541618932572220000	2.31297199680251100000	2.27553323860329700000	2.09154369327344150000	3.71539248441953430000	1.77783347305322600000	6.18973020386394300000	1.46014928671043420000	4.04956691638552000000	1.16132226849489830000	1.22158993763213970000	0.85546034679828620000	0.85546034679828620000	0.62668085181435100000	0.68229134308155980000	0.68229134308155980000	4.89441294344961400000	0.89089384697382750000	1.98018853648852940000	-9.37138314724824400000	2.16144996972690800000	2.43908484908342740000	2.43908484908342740000;
-49.87323024588547000000	2.22778291553238670000	4.98043375398085900000	2.22778291553238670000	2.26869523387207700000	0.76541618932572220000	2.31297199680251100000	2.27553323860329700000	2.09154369327344150000	3.71539248441953430000	1.77783347305322600000	6.18973020386394300000	1.46014928671043420000	4.04956691638552000000	1.16132226849489830000	1.22158993763213970000	0.85546034679828620000	0.85546034679828620000	0.62668085181435100000	0.68229134308155980000	0.68229134308155980000	4.89441294344961400000	0.89089384697382750000	1.98018853648852940000	-9.37138314724824400000	2.16144996972690800000	2.43908484908342740000	2.43908484908342740000;
-49.87323024588547000000	2.22778291553238670000	4.98043375398085900000	2.22778291553238670000	2.26869523387207700000	0.76541618932572220000	2.31297199680251100000	2.27553323860329700000	2.09154369327344150000	3.71539248441953430000	1.77783347305322600000	6.18973020386394300000	1.46014928671043420000	4.04956691638552000000	1.16132226849489830000	1.22158993763213970000	0.85546034679828620000	0.85546034679828620000	0.62668085181435100000	0.68229134308155980000	0.68229134308155980000	4.89441294344961400000	0.89089384697382750000	1.98018853648852940000	-9.37138314724824400000	2.16144996972690800000	2.43908484908342740000	2.43908484908342740000;
-49.87323024588547000000	2.22778291553238670000	4.98043375398085900000	2.22778291553238670000	2.26869523387207700000	0.76541618932572220000	2.31297199680251100000	2.27553323860329700000	2.09154369327344150000	3.71539248441953430000	1.77783347305322600000	6.18973020386394300000	1.46014928671043420000	4.04956691638552000000	1.16132226849489830000	1.22158993763213970000	0.85546034679828620000	0.85546034679828620000	0.62668085181435100000	0.68229134308155980000	0.68229134308155980000	4.89441294344961400000	0.89089384697382750000	1.98018853648852940000	-9.37138314724824400000	2.16144996972690800000	2.43908484908342740000	2.43908484908342740000;
-49.87323024588547000000	2.22778291553238670000	4.98043375398085900000	2.22778291553238670000	2.26869523387207700000	0.76541618932572220000	2.31297199680251100000	2.27553323860329700000	2.09154369327344150000	3.71539248441953430000	1.77783347305322600000	6.18973020386394300000	1.46014928671043420000	4.04956691638552000000	1.16132226849489830000	1.22158993763213970000	0.85546034679828620000	0.85546034679828620000	0.62668085181435100000	0.68229134308155980000	0.68229134308155980000	4.89441294344961400000	0.89089384697382750000	1.98018853648852940000	-9.37138314724824400000	2.16144996972690800000	2.43908484908342740000	2.43908484908342740000;
-49.87323024588547000000	2.22778291553238670000	4.98043375398085900000	2.22778291553238670000	2.26869523387207700000	0.76541618932572220000	2.31297199680251100000	2.27553323860329700000	2.09154369327344150000	3.71539248441953430000	1.77783347305322600000	6.18973020386394300000	1.46014928671043420000	4.04956691638552000000	1.16132226849489830000	1.22158993763213970000	0.85546034679828620000	0.85546034679828620000	0.62668085181435100000	0.68229134308155980000	0.68229134308155980000	4.89441294344961400000	0.89089384697382750000	1.98018853648852940000	-9.37138314724824400000	2.16144996972690800000	2.43908484908342740000	2.43908484908342740000;
-49.87323024588547000000	2.22778291553238670000	4.98043375398085900000	2.22778291553238670000	2.26869523387207700000	0.76541618932572220000	2.31297199680251100000	2.27553323860329700000	2.09154369327344150000	3.71539248441953430000	1.77783347305322600000	6.18973020386394300000	1.46014928671043420000	4.04956691638552000000	1.16132226849489830000	1.22158993763213970000	0.85546034679828620000	0.85546034679828620000	0.62668085181435100000	0.68229134308155980000	0.68229134308155980000	4.89441294344961400000	0.89089384697382750000	1.98018853648852940000	-9.37138314724824400000	2.16144996972690800000	2.43908484908342740000	2.43908484908342740000;
################################################################################################################################################################################################################################################################################################################################################################################################################################################################################################################################################################################
0.00370362947622338360	-0.16430339580517570000	-0.16430339580517570000	-0.00123196347767484300	-0.00123196347767484300	-0.00123196347767484300	-0.00123196347767484300	-0.00123196347767484300	-0.36101474268961486000	-0.00123196347767484300	-0.00123196347767484300	-0.00123196347767484300	-0.00123196347767484300	-0.00123196347767484300	-0.00123196347767484300	-0.00123196347767484300	-0.00123196347767484300	-0.00123196347767484300	-0.00123196347767484300	-0.88203164653289010000	0.79417101067663120000	-0.01209437264058407600	-0.01209437264058407600	-0.01209437264058407600	-0.01209437264058407600	-0.01209437264058407600	-0.01209437264058407600	-0.01209437264058407600;
0.00370362947622338360	-0.16430339580517570000	-0.16430339580517570000	-0.00123196347767484300	-0.00123196347767484300	-0.00123196347767484300	-0.00123196347767484300	-0.00123196347767484300	-0.36101474268961486000	-0.00123196347767484300	-0.00123196347767484300	-0.00123196347767484300	-0.00123196347767484300	-0.00123196347767484300	-0.00123196347767484300	-0.00123196347767484300	-0.00123196347767484300	-0.00123196347767484300	-0.00123196347767484300	-0.88203164653289010000	0.79417101067663120000	-0.01209437264058407600	-0.01209437264058407600	-0.01209437264058407600	-0.01209437264058407600	-0.01209437264058407600	-0.01209437264058407600	-0.01209437264058407600;
0.00370362947622338360	-0.16430339580517570000	-0.16430339580517570000	-0.00123196347767484300	-0.00123196347767484300	-0.00123196347767484300	-0.00123196347767484300	-0.00123196347767484300	-0.36101474268961486000	-0.00123196347767484300	-0.00123196347767484300	-0.00123196347767484300	-0.00123196347767484300	-0.00123196347767484300	-0.00123196347767484300	-0.00123196347767484300	-0.00123196347767484300	-0.00123196347767484300	-0.00123196347767484300	-0.88203164653289010000	0.79417101067663120000	-0.01209437264058407600	-0.01209437264058407600	-0.01209437264058407600	-0.01209437264058407600	-0.01209437264058407600	-0.01209437264058407600	-0.01209437264058407600;
0.00370362947622338360	-0.16430339580517570000	-0.16430339580517570000	-0.00123196347767484300	-0.00123196347767484300	-0.00123196347767484300	-0.00123196347767484300	-0.00123196347767484300	-0.36101474268961486000	-0.00123196347767484300	-0.00123196347767484300	-0.00123196347767484300	-0.00123196347767484300	-0.00123196347767484300	-0.00123196347767484300	-0.00123196347767484300	-0.00123196347767484300	-0.00123196347767484300	-0.00123196347767484300	-0.88203164653289010000	0.79417101067663120000	-0.01209437264058407600	-0.01209437264058407600	-0.01209437264058407600	-0.01209437264058407600	-0.01209437264058407600	-0.01209437264058407600	-0.01209437264058407600;
0.00370362947622338360	-0.16430339580517570000	-0.16430339580517570000	-0.00123196347767484300	-0.00123196347767484300	-0.00123196347767484300	-0.00123196347767484300	-0.00123196347767484300	-0.36101474268961486000	-0.00123196347767484300	-0.00123196347767484300	-0.00123196347767484300	-0.00123196347767484300	-0.00123196347767484300	-0.00123196347767484300	-0.00123196347767484300	-0.00123196347767484300	-0.00123196347767484300	-0.00123196347767484300	-0.88203164653289010000	0.79417101067663120000	-0.01209437264058407600	-0.01209437264058407600	-0.01209437264058407600	-0.01209437264058407600	-0.01209437264058407600	-0.01209437264058407600	-0.01209437264058407600;
0.00370362947622338360	-0.16430339580517570000	-0.16430339580517570000	-0.00123196347767484300	-0.00123196347767484300	-0.00123196347767484300	-0.00123196347767484300	-0.00123196347767484300	-0.36101474268961486000	-0.00123196347767484300	-0.00123196347767484300	-0.00123196347767484300	-0.00123196347767484300	-0.00123196347767484300	-0.00123196347767484300	-0.00123196347767484300	-0.00123196347767484300	-0.00123196347767484300	-0.00123196347767484300	-0.88203164653289010000	0.79417101067663120000	-0.01209437264058407600	-0.01209437264058407600	-0.01209437264058407600	-0.01209437264058407600	-0.01209437264058407600	-0.01209437264058407600	-0.01209437264058407600;
0.00370362947622338360	-0.16430339580517570000	-0.16430339580517570000	-0.00123196347767484300	-0.00123196347767484300	-0.00123196347767484300	-0.00123196347767484300	-0.00123196347767484300	-0.36101474268961486000	-0.00123196347767484300	-0.00123196347767484300	-0.00123196347767484300	-0.00123196347767484300	-0.00123196347767484300	-0.00123196347767484300	-0.00123196347767484300	-0.00123196347767484300	-0.00123196347767484300	-0.00123196347767484300	-0.88203164653289010000	0.79417101067663120000	-0.01209437264058407600	-0.01209437264058407600	-0.01209437264058407600	-0.01209437264058407600	-0.01209437264058407600	-0.01209437264058407600	-0.01209437264058407600;
0.00370362947622338360	-0.16430339580517570000	-0.16430339580517570000	-0.00123196347767484300	-0.00123196347767484300	-0.00123196347767484300	-0.00123196347767484300	-0.00123196347767484300	-0.36101474268961486000	-0.00123196347767484300	-0.00123196347767484300	-0.00123196347767484300	-0.00123196347767484300	-0.00123196347767484300	-0.00123196347767484300	-0.00123196347767484300	-0.00123196347767484300	-0.00123196347767484300	-0.00123196347767484300	-0.88203164653289010000	0.79417101067663120000	-0.01209437264058407600	-0.01209437264058407600	-0.01209437264058407600	-0.01209437264058407600	-0.01209437264058407600	-0.01209437264058407600	-0.01209437264058407600;
0.00370362947622338360	-0.16430339580517570000	-0.16430339580517570000	-0.00123196347767484300	-0.00123196347767484300	-0.00123196347767484300	-0.00123196347767484300	-0.00123196347767484300	-0.36101474268961486000	-0.00123196347767484300	-0.00123196347767484300	-0.00123196347767484300	-0.00123196347767484300	-0.00123196347767484300	-0.00123196347767484300	-0.00123196347767484300	-0.00123196347767484300	-0.00123196347767484300	-0.00123196347767484300	-0.88203164653289010000	0.79417101067663120000	-0.01209437264058407600	-0.01209437264058407600	-0.01209437264058407600	-0.01209437264058407600	-0.01209437264058407600	-0.01209437264058407600	-0.01209437264058407600;
0.00370362947622338360	-0.16430339580517570000	-0.16430339580517570000	-0.00123196347767484300	-0.00123196347767484300	-0.00123196347767484300	-0.00123196347767484300	-0.00123196347767484300	-0.36101474268961486000	-0.00123196347767484300	-0.00123196347767484300	-0.00123196347767484300	-0.00123196347767484300	-0.00123196347767484300	-0.00123196347767484300	-0.00123196347767484300	-0.00123196347767484300	-0.00123196347767484300	-0.00123196347767484300	-0.88203164653289010000	0.79417101067663120000	-0.01209437264058407600	-0.01209437264058407600	-0.01209437264058407600	-0.01209437264058407600	-0.01209437264058407600	-0.01209437264058407600	-0.01209437264058407600;
0.00370362947622338360	-0.16430339580517570000	-0.16430339580517570000	-0.00123196347767484300	-0.00123196347767484300	-0.00123196347767484300	-0.00123196347767484300	-0.00123196347767484300	-0.36101474268961486000	-0.00123196347767484300	-0.00123196347767484300	-0.00123196347767484300	-0.00123196347767484300	-0.00123196347767484300	-0.00123196347767484300	-0.00123196347767484300	-0.00123196347767484300	-0.00123196347767484300	-0.00123196347767484300	-0.88203164653289010000	0.79417101067663120000	-0.01209437264058407600	-0.01209437264058407600	-0.01209437264058407600	-0.01209437264058407600	-0.01209437264058407600	-0.01209437264058407600	-0.01209437264058407600;
0.00370362947622338360	-0.16430339580517570000	-0.16430339580517570000	-0.00123196347767484300	-0.00123196347767484300	-0.00123196347767484300	-0.00123196347767484300	-0.00123196347767484300	-0.36101474268961486000	-0.00123196347767484300	-0.00123196347767484300	-0.00123196347767484300	-0.00123196347767484300	-0.00123196347767484300	-0.00123196347767484300	-0.00123196347767484300	-0.00123196347767484300	-0.00123196347767484300	-0.00123196347767484300	-0.88203164653289010000	0.79417101067663120000	-0.01209437264058407600	-0.01209437264058407600	-0.01209437264058407600	-0.01209437264058407600	-0.01209437264058407600	-0.01209437264058407600	-0.01209437264058407600;
0.00370362947622338360	-0.16430339580517570000	-0.16430339580517570000	-0.00123196347767484300	-0.00123196347767484300	-0.00123196347767484300	-0.00123196347767484300	-0.00123196347767484300	-0.36101474268961486000	-0.00123196347767484300	-0.00123196347767484300	-0.00123196347767484300	-0.00123196347767484300	-0.00123196347767484300	-0.00123196347767484300	-0.00123196347767484300	-0.00123196347767484300	-0.00123196347767484300	-0.00123196347767484300	-0.88203164653289010000	0.79417101067663120000	-0.01209437264058407600	-0.01209437264058407600	-0.01209437264058407600	-0.01209437264058407600	-0.01209437264058407600	-0.01209437264058407600	-0.01209437264058407600;
0.00370362947622338360	-0.16430339580517570000	-0.16430339580517570000	-0.00123196347767484300	-0.00123196347767484300	-0.00123196347767484300	-0.00123196347767484300	-0.00123196347767484300	-0.36101474268961486000	-0.00123196347767484300	-0.00123196347767484300	-0.00123196347767484300	-0.00123196347767484300	-0.00123196347767484300	-0.00123196347767484300	-0.00123196347767484300	-0.00123196347767484300	-0.00123196347767484300	-0.00123196347767484300	-0.88203164653289010000	0.79417101067663120000	-0.01209437264058407600	-0.01209437264058407600	-0.01209437264058407600	-0.01209437264058407600	-0.01209437264058407600	-0.01209437264058407600	-0.01209437264058407600;
0.00370362947622338360	-0.16430339580517570000	-0.16430339580517570000	-0.00123196347767484300	-0.00123196347767484300	-0.00123196347767484300	-0.00123196347767484300	-0.00123196347767484300	-0.36101474268961486000	-0.00123196347767484300	-0.00123196347767484300	-0.00123196347767484300	-0.00123196347767484300	-0.00123196347767484300	-0.00123196347767484300	-0.00123196347767484300	-0.00123196347767484300	-0.00123196347767484300	-0.00123196347767484300	-0.88203164653289010000	0.79417101067663120000	-0.01209437264058407600	-0.01209437264058407600	-0.01209437264058407600	-0.01209437264058407600	-0.01209437264058407600	-0.01209437264058407600	-0.01209437264058407600;
################################################################################################################################################################################################################################################################################################################################################################################################################################################################################################################################################################################
2.44418202654535300000	2.44418202654535300000	2.44418202654535300000	2.44418202654535300000	2.44418202654535300000	2.44418202654535300000	2.44418202654535300000	2.44418202654535300000	2.44418202654535300000	2.44418202654535300000	2.44418202654535300000	2.44418202654535300000	2.44418202654535300000	2.44418202654535300000	2.44418202654535300000;
2.44441913380461800000	2.44441913380461800000	2.44441913380461800000	2.44441913380461800000	2.44441913380461800000	2.44441913380461800000	2.44441913380461800000	2.44441913380461800000	2.44441913380461800000	2.44441913380461800000	2.44441913380461800000	2.44441913380461800000	2.44441913380461800000	2.44441913380461800000	2.44441913380461800000;
2.44472533201159250000	2.44472533201159250000	2.44472533201159250000	2.44472533201159250000	2.44472533201159250000	2.44472533201159250000	2.44472533201159250000	2.44472533201159250000	2.44472533201159250000	2.44472533201159250000	2.44472533201159250000	2.44472533201159250000	2.44472533201159250000	2.44472533201159250000	2.44472533201159250000;
2.44491621437904040000	2.44491621437904040000	2.44491621437904040000	2.44491621437904040000	2.44491621437904040000	2.44491621437904040000	2.44491621437904040000	2.44491621437904040000	2.44491621437904040000	2.44491621437904040000	2.44491621437904040000	2.44491621437904040000	2.44491621437904040000	2.44491621437904040000	2.44491621437904040000;
2.44508784749350650000	2.44508784749350650000	2.44508784749350650000	2.44508784749350650000	2.44508784749350650000	2.44508784749350650000	2.44508784749350650000	2.44508784749350650000	2.44508784749350650000	2.44508784749350650000	2.44508784749350650000	2.44508784749350650000	2.44508784749350650000	2.44508784749350650000	2.44508784749350650000;
2.44547118175761960000	2.44547118175761960000	2.44547118175761960000	2.44547118175761960000	2.44547118175761960000	2.44547118175761960000	2.44547118175761960000	2.44547118175761960000	2.44547118175761960000	2.44547118175761960000	2.44547118175761960000	2.44547118175761960000	2.44547118175761960000	2.44547118175761960000	2.44547118175761960000;
2.44555863056070550000	2.44555863056070550000	2.44555863056070550000	2.44555863056070550000	2.44555863056070550000	2.44555863056070550000	2.44555863056070550000	2.44555863056070550000	2.44555863056070550000	2.44555863056070550000	2.44555863056070550000	2.44555863056070550000	2.44555863056070550000	2.44555863056070550000	2.44555863056070550000;
2.44572876417992500000	2.44572876417992500000	2.44572876417992500000	2.44572876417992500000	2.44572876417992500000	2.44572876417992500000	2.44572876417992500000	2.44572876417992500000	2.44572876417992500000	2.44572876417992500000	2.44572876417992500000	2.44572876417992500000	2.44572876417992500000	2.44572876417992500000	2.44572876417992500000;
2.44592471763703130000	2.44592471763703130000	2.44592471763703130000	2.44592471763703130000	2.44592471763703130000	2.44592471763703130000	2.44592471763703130000	2.44592471763703130000	2.44592471763703130000	2.44592471763703130000	2.44592471763703130000	2.44592471763703130000	2.44592471763703130000	2.44592471763703130000	2.44592471763703130000;
2.44392401688553650000	2.44392401688553650000	2.44392401688553650000	2.44392401688553650000	2.44392401688553650000	2.44392401688553650000	2.44392401688553650000	2.44392401688553650000	2.44392401688553650000	2.44392401688553650000	2.44392401688553650000	2.44392401688553650000	2.44392401688553650000	2.44392401688553650000	2.44392401688553650000;
********************************************************************************************************************************************************************************************************************************************************************************************************************************************************************************************************************************************************************************************************************************************************************************
